20 54 1.57 1.57 675
21 57 1.61 1.56 500
22 51 .69 1.20 515
14 40 1.20 1.30 600
18 48 1.39 1.32 700
15 22 1.10 1.25 800
12 46 1.12 1.13 102
33 29 .89 1.17 400
17 40 1.12 1.14 546
19 49 1.45 1.43 783
10 32 1.02 1.04 683
15 41 1.25 1.31 863
18 32 .88 .95 357
22 49 1.35 1.14 0
17 52 1.30 0.60 100
12 46 .18 .19 80
13 41 .32 .78 90
15 48 .28 .27 97
11 32 .6 .5 203
26 40 .3 .2 240
12 40 1.37 1.57 210
13 40 0 2.16 110
14 55 1.13 0.56 30
10 37 1.29 1.33 548
10 38 1.18 1.30 765
15 22 1.10 1.25 789
9 39 1.32 1.45 890
10 20 1.09 1.09 950
18 40 1.18 1.30 960
30 45 1.20 1.45 934
15 40 1.12 1.14 945
10 49 1.45 1.45 901
14 52 1.02 1.44 890
15 51 1.25 1.01 850
17 40 1.52 1.54 712
33 49 1.45 2.43 783
10 33 1.02 1.54 783
15 42 1.35 1.31 800
16 46 .18 .19 845
13 44 .32 .78 950
15 44 .28 .27 960
9 52 1.02 1.44 400
9 51 1.25 1.01 320
17 40 1.32 1.54 120
13 49 1.45 2.43 70
10 33 1.02 1.54 783
15 52 1.25 1.31 347
7 36 .28 .27 960
13 44 .34 .78 965
15 54 .29 .27 980
23 44 .32 .68 985
25 44 .24 .27 990
14 52 1.02 1.44 620
15 51 1.25 1.01 530
17 40 1.52 1.54 670
13 49 1.45 2.43 540
10 33 1.03 1.54 800
15 42 1.37 1.32 876
10 49 1.45 1.45 456
14 52 1.02 1.44 605
15 51 1.25 1.01 740
27 40 1.52 1.54 850
13 49 1.45 2.43 720
10 33 1.02 1.54 778
15 42 1.35 1.31 820
29 46 1.34 1.24 810
14 44 .22 .35 30
17 45 .23 .35 45
18 49 .82 1.01 70
18 34 .34 .78 105
15 54 0 0 150
20 49 1.45 1.45 610
14 52 1.92 1.44 602
13 49 2.45 2.43 590
20 33 0.02 1.54 580
15 42 1.35 1.31 569
24 44 .22 .35 540
13 49 1.45 2.43 580
10 33 1.02 1.54 569
15 42 1.35 1.31 510
13 49 1.45 2.43 440
10 33 1.02 1.54 480
19 49 2.45 2.43 510
10 32 1.02 1.44 440
15 41 1.25 1.41 310
28 34 .54 .68 480
19 54 0 0 510
13 44 .34 .78 430
15 54 .29 .27 410
13 41 0 0 390
24 31 1.28 .27 385
21 57 1.61 1.56 415
22 51 .69 1.20 367
14 40 1.20 1.30 354
18 48 1.39 1.32 343
15 22 1.10 1.25 320
12 46 1.12 1.13 290
13 49 .45 .43 250
10 33 1.02 1.54 310
15 42 1.35 1.31 332
17 40 1.52 1.54 432
13 49 1.45 2.43 546
10 33 1.03 1.54 437
15 42 .37 .32 675
37 49 1.45 1.45 876
10 49 1.45 1.45 456
14 52 1.02 1.44 190
15 51 1.25 1.01 110
17 40 1.52 1.54 119
13 49 1.45 2.43 111
19 54 0 0 112
13 44 .34 .78 113
25 54 0 0 114
25 48 0 0.2 115
13 49 1.45 2.43 116
20 33 2.03 1.54 350
15 42 1.37 2.32 118
30 49 1.45 1.45 419
4 52 1.02 1.44 620
	